O*NET-SOC Code,Title,AI_Benefit_Classification,cognitive_skills,operations_skills,social_skills,technical_composition,technical_skills,management_skills
25-1072.00,"Nursing Instructors and Teachers, Postsecondary",High AI Benefit,3.6628571428571424,1.905,3.52,0.1557725122914735,2.38,2.7483333333333335
17-3026.01,Nanotechnology Engineering Technologists and Technicians,Moderate AI Benefit,3.162857142857143,2.9075,2.893333333333333,0.1557657610834329,2.4975,2.605
29-1031.00,Dietitians and Nutritionists,High AI Benefit,3.75,1.815,3.6466666666666665,0.15575909260344,2.4375,3.0
43-3031.00,"Bookkeeping, Accounting, and Auditing Clerks",Moderate AI Benefit,2.5728571428571425,1.215,2.5216666666666665,0.1556313125966078,1.75,2.185
47-4011.00,Construction and Building Inspectors,High AI Benefit,3.108571428571428,2.3775,2.936666666666667,0.1554296490378998,2.2175,2.6266666666666665
29-2011.01,Cytogenetic Technologists,Moderate AI Benefit,3.144285714285714,2.47,2.688333333333333,0.1551916726024736,2.2825,2.625
19-4071.00,Forest and Conservation Technicians,Moderate AI Benefit,3.0,2.5625,2.9150000000000005,0.1548071700162955,2.375,2.6466666666666665
17-2111.00,"Health and Safety Engineers, Except Mining Safety Engineers and Inspectors",High AI Benefit,3.231428571428572,2.3725,3.1033333333333335,0.1547865777440868,2.285,2.77
19-4043.00,"Geological Technicians, Except Hydrologic Technicians",Minimal AI Benefit,2.8371428571428576,2.53,2.6666666666666665,0.1547814252451382,2.2475,2.456666666666667
25-1192.00,"Family and Consumer Sciences Teachers, Postsecondary",High AI Benefit,3.355714285714286,1.47,3.0216666666666665,0.1547720728732818,2.0925,2.58
25-9044.00,"Teaching Assistants, Postsecondary",Moderate AI Benefit,2.962857142857143,1.7175,2.936666666666667,0.1547077026635378,1.97,2.1466666666666665
19-3051.00,Urban and Regional Planners,High AI Benefit,3.462857142857143,1.4375,3.27,0.1545432220039292,2.2475,3.125
25-1011.00,"Business Teachers, Postsecondary",High AI Benefit,3.5014285714285713,1.28,3.125,0.1545012379062703,2.095,2.5583333333333336
13-1041.01,Environmental Compliance Inspectors,Moderate AI Benefit,3.447142857142857,2.8125,2.9599999999999995,0.1543778440294994,2.3425,2.581666666666667
13-2011.00,Accountants and Auditors,High AI Benefit,3.0714285714285716,1.5025,3.02,0.1541987450491745,2.0625,2.6266666666666665
29-1215.00,Family Medicine Physicians,High AI Benefit,3.732857142857142,1.715,3.356666666666666,0.154054444944398,2.2825,2.6666666666666665
29-2012.00,Medical and Clinical Laboratory Technicians,Low AI Benefit,2.9457142857142857,2.9675,2.8733333333333335,0.1540231762269221,2.47,2.5
29-1221.00,"Pediatricians, General",High AI Benefit,3.8042857142857143,1.6275,3.481666666666666,0.15392264573092,2.285,2.6466666666666665
45-2021.00,Animal Breeders,Minimal AI Benefit,2.712857142857143,2.53,2.2516666666666665,0.1538869800832425,1.9675,2.2283333333333335
19-3039.03,Clinical Neuropsychologists,High AI Benefit,3.5342857142857147,1.315,3.5216666666666665,0.1538448642939766,2.185,2.6466666666666665
11-3051.03,Biofuels Production Managers,Moderate AI Benefit,3.322857142857143,2.7475,3.27,0.1534885760645529,2.5,3.23
17-3024.01,Robotics Technicians,Low AI Benefit,3.1771428571428575,3.6875,2.7533333333333325,0.1533446693830408,2.845,2.56
25-1113.00,"Social Work Teachers, Postsecondary",High AI Benefit,3.731428571428572,1.22,3.5016666666666665,0.1532104577782229,2.185,2.623333333333333
17-2072.01,Radio Frequency Identification Device Specialists,Moderate AI Benefit,3.16,2.5325,2.875,0.1531440700451048,2.405,2.606666666666666
29-1218.00,Obstetricians and Gynecologists,High AI Benefit,3.7857142857142856,1.845,3.396666666666667,0.1527644665105975,2.315,2.811666666666667
13-2082.00,Tax Preparers,Moderate AI Benefit,2.872857142857143,1.315,2.77,0.1521921921921921,1.81,2.125
29-2011.00,Medical and Clinical Laboratory Technologists,Moderate AI Benefit,3.0885714285714285,3.065,2.9166666666666665,0.1517045085135125,2.5,2.6266666666666665
25-1031.00,"Architecture Teachers, Postsecondary",High AI Benefit,3.75,1.595,3.351666666666667,0.1516288589459321,2.2225,2.7083333333333335
41-3021.00,Insurance Sales Agents,High AI Benefit,2.877142857142857,1.405,3.1649999999999996,0.1514251107157727,1.905,2.2283333333333335
11-3021.00,Computer and Information Systems Managers,Moderate AI Benefit,3.6257142857142854,2.5325,3.248333333333333,0.1514225252762755,2.53,3.331666666666667
19-4092.00,Forensic Science Technicians,Moderate AI Benefit,3.16,2.4675,2.875,0.1513378401408851,2.22,2.4166666666666665
15-1299.09,Information Technology Project Managers,High AI Benefit,3.357142857142857,1.8425,3.375,0.1513359277660703,2.3425,3.561666666666667
15-1299.03,Document Management Specialists,High AI Benefit,3.2300000000000004,1.4375,2.938333333333333,0.1512010427658121,2.03,2.7900000000000005
13-2072.00,Loan Officers,High AI Benefit,3.0542857142857143,1.4075,2.9616666666666664,0.1511787764504802,1.9375,2.455
13-1081.02,Logistics Analysts,High AI Benefit,3.3200000000000003,1.7175,2.9399999999999995,0.1510854341736695,2.1575,3.145
29-2056.00,Veterinary Technologists and Technicians,Moderate AI Benefit,3.0700000000000003,2.595,2.956666666666667,0.1505935924540575,2.315,2.563333333333333
17-3021.00,Aerospace Engineering and Operations Technologists and Technicians,Low AI Benefit,3.197142857142857,3.4375,2.7083333333333335,0.1504824485561127,2.59,2.6233333333333335
23-2011.00,Paralegals and Legal Assistants,Moderate AI Benefit,2.7142857142857144,1.1875,2.7716666666666665,0.1504777070063694,1.6875,1.8533333333333335
29-1211.00,Anesthesiologists,Moderate AI Benefit,3.7471428571428578,2.8100000000000005,3.186666666666667,0.1504125424676069,2.435,2.9150000000000005
19-5011.00,Occupational Health and Safety Specialists,Moderate AI Benefit,3.4642857142857144,2.53,3.1666666666666665,0.1503625234341472,2.3775,2.8333333333333335
17-3027.01,Automotive Engineering Technicians,Minimal AI Benefit,2.9457142857142857,3.095,2.606666666666666,0.1503441665940576,2.465,2.438333333333333
43-4131.00,Loan Interviewers and Clerks,High AI Benefit,3.09,1.5325,3.043333333333333,0.1503399158303658,1.935,2.27
13-2041.00,Credit Analysts,High AI Benefit,3.0714285714285716,1.405,2.5833333333333335,0.1502472127968977,1.845,2.375
19-4051.02,Nuclear Monitoring Technicians,Moderate AI Benefit,3.09,3.0925,2.9599999999999995,0.1501523982674723,2.34,2.5416666666666665
29-1229.03,Urologists,High AI Benefit,3.518571428571428,2.4075,3.2733333333333334,0.1501419240629959,2.3425,2.9350000000000005
15-1241.01,Telecommunications Engineering Specialists,Moderate AI Benefit,3.0700000000000003,2.78,2.936666666666667,0.149946881165579,2.47,2.7483333333333335
29-1141.02,Advanced Practice Psychiatric Nurses,High AI Benefit,3.5728571428571425,1.345,3.790000000000001,0.149608449459861,2.2175,2.8966666666666665
13-1199.05,Sustainability Specialists,High AI Benefit,3.3200000000000003,1.81,3.061666666666667,0.1492696829355183,2.095,2.688333333333333
13-1031.00,"Claims Adjusters, Examiners, and Investigators",High AI Benefit,3.1257142857142854,1.81,3.0416666666666665,0.1491938655131734,2.0325,2.5833333333333335
29-1161.00,Nurse Midwives,High AI Benefit,3.6257142857142854,1.9375,3.438333333333333,0.1491938390561549,2.2175,2.581666666666667
25-1071.00,"Health Specialties Teachers, Postsecondary",High AI Benefit,3.661428571428571,1.78,3.2483333333333335,0.1491827707737067,2.2525,2.6916666666666664
29-1141.00,Registered Nurses,Moderate AI Benefit,3.4114285714285715,2.5024999999999995,3.5,0.1491726693208754,2.315,2.5400000000000005
41-3041.00,Travel Agents,High AI Benefit,2.8385714285714285,1.405,3.391666666666667,0.1489915661642319,1.9075,2.23
43-6011.00,Executive Secretaries and Executive Administrative Assistants,Moderate AI Benefit,2.8385714285714285,1.53,3.19,0.1487893064533801,1.94,2.48
13-1111.00,Management Analysts,High AI Benefit,3.607142857142857,1.5325,3.48,0.148664269713083,2.22,3.063333333333333
25-9021.00,Farm and Home Management Educators,High AI Benefit,3.537142857142857,1.94,3.625,0.1484229346862679,2.3125,3.1033333333333335
13-2052.00,Personal Financial Advisors,High AI Benefit,3.265714285714286,1.3425,3.27,0.1483750271916467,2.03,2.7733333333333334
19-4099.01,Quality Control Analysts,Low AI Benefit,3.0357142857142856,3.25,2.625,0.1481412725669466,2.28,2.355
13-2053.00,Insurance Underwriters,High AI Benefit,3.0171428571428573,1.25,2.8966666666666665,0.147969218430751,1.845,2.4599999999999995
19-4012.00,Agricultural Technicians,Low AI Benefit,2.802857142857143,2.4675,2.75,0.1478848763695343,2.1275,2.4583333333333335
29-1022.00,Oral and Maxillofacial Surgeons,Moderate AI Benefit,3.714285714285715,2.5649999999999995,3.145,0.1477337545522355,2.405,2.73
29-1151.00,Nurse Anesthetists,Moderate AI Benefit,3.731428571428572,2.8774999999999995,3.418333333333333,0.1475500770416024,2.565,2.7916666666666665
11-9199.01,Regulatory Affairs Managers,High AI Benefit,3.4642857142857144,1.2825,3.1466666666666665,0.1475163070747616,2.065,3.0400000000000005
15-1212.00,Information Security Analysts,Moderate AI Benefit,3.2885714285714287,2.4675,2.7916666666666665,0.147495031237875,2.2175,2.6466666666666665
25-1062.00,"Area, Ethnic, and Cultural Studies Teachers, Postsecondary",High AI Benefit,3.5542857142857143,1.22,3.226666666666667,0.1474772603591697,2.0325,2.748333333333333
29-1141.03,Critical Care Nurses,Moderate AI Benefit,3.6257142857142854,2.6875,3.561666666666667,0.1474277108878439,2.3775,2.686666666666667
29-1141.01,Acute Care Nurses,Moderate AI Benefit,3.552857142857143,2.565,3.5216666666666665,0.1472465633488734,2.3425,2.706666666666667
29-1021.00,"Dentists, General",Low AI Benefit,3.66,2.595,3.605,0.1472142753236677,2.53,3.168333333333333
19-3034.00,School Psychologists,High AI Benefit,3.5,1.2825,3.5833333333333335,0.1471992265393679,2.03,2.395
29-1224.00,Radiologists,Moderate AI Benefit,3.5700000000000003,2.78,3.313333333333333,0.1471756512767603,2.3775,2.7083333333333335
25-3011.00,"Adult Basic Education, Adult Secondary Education, and English as a Second Language Instructors",High AI Benefit,3.1785714285714284,1.25,3.3349999999999995,0.1471714750213551,1.9075,2.2900000000000005
25-2031.00,"Secondary School Teachers, Except Special and Career/Technical Education",High AI Benefit,3.4642857142857144,1.47,3.456666666666667,0.1470421122994652,2.095,2.6666666666666665
25-4013.00,Museum Technicians and Conservators,Low AI Benefit,2.8385714285714285,2.095,2.7716666666666665,0.146862121952923,2.0025,2.395
45-2011.00,Agricultural Inspectors,Moderate AI Benefit,3.0885714285714285,2.9675,2.918333333333333,0.1468209874039888,2.155,2.518333333333334
13-1022.00,"Wholesale and Retail Buyers, Except Farm Products",High AI Benefit,3.1257142857142854,1.595,3.3733333333333335,0.1464033707294786,2.06,2.9166666666666665
29-1229.06,Sports Medicine Physicians,Moderate AI Benefit,3.6957142857142857,2.5,3.5833333333333335,0.1463988564307444,2.3775,2.9583333333333335
29-9099.01,Midwives,High AI Benefit,3.305714285714285,1.845,3.393333333333333,0.1462957876601163,2.0925,2.5416666666666665
31-9095.00,Pharmacy Aides,Moderate AI Benefit,2.6257142857142854,1.845,2.6266666666666665,0.1462727450596752,1.78,2.0416666666666665
19-1031.02,Range Managers,High AI Benefit,3.355714285714286,2.31,3.145,0.1460579595077411,2.19,2.7083333333333335
13-1041.07,Regulatory Affairs Specialists,High AI Benefit,3.3757142857142854,1.53,3.1033333333333335,0.145975303581493,2.035,2.8966666666666665
13-2023.00,Appraisers and Assessors of Real Estate,Moderate AI Benefit,2.857142857142857,1.965,2.8533333333333335,0.1459468475480929,1.875,2.2966666666666664
11-3031.03,Investment Fund Managers,High AI Benefit,3.394285714285714,1.345,3.02,0.1459358163504333,2.0025,2.9599999999999995
41-4011.00,"Sales Representatives, Wholesale and Manufacturing, Technical and Scientific Products",Moderate AI Benefit,3.052857142857143,1.69,3.73,0.145828499453081,2.095,2.643333333333334
13-2071.00,Credit Counselors,High AI Benefit,3.1957142857142857,1.0625,3.2283333333333335,0.1457783889684274,1.8425,2.3100000000000005
29-2099.05,Ophthalmic Medical Technologists,Moderate AI Benefit,2.7671428571428573,2.155,3.061666666666667,0.1456726573999806,1.9675,2.2099999999999995
17-3029.01,Non-Destructive Testing Specialists,Low AI Benefit,3.0342857142857147,3.3125,2.77,0.1456692330470831,2.3425,2.561666666666667
17-3029.08,Photonics Technicians,Low AI Benefit,2.947142857142857,3.1900000000000004,2.4783333333333335,0.1456503871609638,2.405,2.5216666666666665
13-2081.00,"Tax Examiners and Collectors, and Revenue Agents",High AI Benefit,3.018571428571428,1.5325,2.9399999999999995,0.1455918874172186,1.8425,2.2916666666666665
25-1067.00,"Sociology Teachers, Postsecondary",High AI Benefit,3.444285714285715,1.22,3.145,0.1455477155045207,1.9375,2.565
25-4012.00,Curators,High AI Benefit,3.34,1.7525,3.0416666666666665,0.1455450703409946,2.095,3.105
17-1012.00,Landscape Architects,High AI Benefit,3.537142857142858,2.0625,3.3333333333333335,0.1455135658158607,2.22,3.1033333333333335
43-4141.00,New Accounts Clerks,High AI Benefit,2.66,1.3725,2.918333333333333,0.1452445847080763,1.6875,1.9800000000000004
27-1024.00,Graphic Designers,High AI Benefit,3.0342857142857147,1.5,2.9983333333333335,0.1452287521351738,1.8725,2.4583333333333335
51-6092.00,Fabric and Apparel Patternmakers,Low AI Benefit,3.16,2.6850000000000005,2.773333333333333,0.1450969048307781,2.09,2.4783333333333335
25-1082.00,"Library Science Teachers, Postsecondary",High AI Benefit,3.552857142857143,1.28,3.1650000000000005,0.1450029391894856,1.9675,2.6033333333333335
31-9092.00,Medical Assistants,Moderate AI Benefit,3.015714285714286,2.1225,3.2283333333333335,0.1449865520448433,2.06,2.3766666666666665
25-2021.00,"Elementary School Teachers, Except Special Education",High AI Benefit,3.5700000000000003,1.4375,3.688333333333333,0.1449241943851963,2.095,2.5400000000000005
13-1041.08,Customs Brokers,High AI Benefit,3.141428571428572,1.2825,3.0216666666666665,0.144876037541366,1.9075,2.813333333333333
43-4081.00,"Hotel, Motel, and Resort Desk Clerks",Moderate AI Benefit,2.607142857142857,1.655,3.188333333333333,0.1448496322864835,1.8125,2.25
13-1041.03,Equal Opportunity Representatives and Officers,High AI Benefit,3.357142857142857,1.405,3.2283333333333335,0.1448456314913537,1.9375,2.418333333333333
11-3051.06,Hydroelectric Production Managers,Moderate AI Benefit,3.4985714285714287,3.1575,3.356666666666666,0.1447125765401553,2.625,3.3766666666666665
43-4021.00,Correspondence Clerks,Moderate AI Benefit,2.7157142857142853,1.25,2.77,0.1446981428170565,1.6575,2.061666666666667
51-4111.00,Tool and Die Makers,Minimal AI Benefit,2.9085714285714284,3.1875,2.1683333333333334,0.1446959574930864,2.2175,2.188333333333333
29-2051.00,Dietetic Technicians,Moderate AI Benefit,2.995714285714286,2.4375,3.02,0.14448318467241,2.0325,2.581666666666667
41-3031.00,"Securities, Commodities, and Financial Services Sales Agents",High AI Benefit,3.212857142857143,1.31,3.1483333333333334,0.1444352195761415,1.9675,2.893333333333333
29-2011.04,Histotechnologists,Minimal AI Benefit,2.948571428571428,2.8100000000000005,2.706666666666667,0.1443792282488273,2.1875,2.4983333333333335
43-5061.00,"Production, Planning, and Expediting Clerks",Moderate AI Benefit,2.75,1.9675,2.643333333333334,0.1440553172418208,1.875,2.75
29-1181.00,Audiologists,Moderate AI Benefit,3.6257142857142854,2.5600000000000005,3.3533333333333335,0.1440264816604405,2.3775,2.688333333333333
39-4011.00,Embalmers,Low AI Benefit,2.731428571428572,2.28,2.7483333333333335,0.1440099811526107,1.9375,2.3516666666666666
11-2011.00,Advertising and Promotions Managers,High AI Benefit,3.357142857142857,1.31,3.3333333333333335,0.1439837878915815,2.03,3.0383333333333336
29-2031.00,Cardiovascular Technologists and Technicians,Low AI Benefit,3.0700000000000003,3.03,3.0400000000000005,0.1439013979297833,2.2475,2.293333333333333
43-5051.00,Postal Service Clerks,Moderate AI Benefit,2.552857142857143,1.9075,2.6233333333333335,0.1437496263526035,1.7175,2.1466666666666665
31-9011.00,Massage Therapists,Moderate AI Benefit,2.7842857142857147,1.3775,2.5216666666666665,0.1436978240043793,1.625,2.0
29-2061.00,Licensed Practical and Licensed Vocational Nurses,Moderate AI Benefit,3.25,2.2475,3.5,0.1435891660566473,2.125,2.6466666666666665
19-3093.00,Historians,High AI Benefit,3.158571428571429,1.22,2.8349999999999995,0.1435182473200164,1.75,2.23
21-1014.00,Mental Health Counselors,High AI Benefit,3.518571428571428,1.375,3.645,0.1434604835860073,2.03,2.581666666666667
29-1071.01,Anesthesiologist Assistants,Moderate AI Benefit,3.1242857142857146,2.94,2.8533333333333335,0.1434550210394632,2.2525,2.561666666666667
43-4011.00,Brokerage Clerks,High AI Benefit,2.8214285714285716,1.28,2.793333333333333,0.1433475055583727,1.75,2.563333333333333
39-3012.00,Gambling and Sports Book Writers and Runners,Moderate AI Benefit,2.444285714285715,1.8125,2.6466666666666665,0.1433292155651636,1.6575,2.0033333333333334
29-1126.00,Respiratory Therapists,Moderate AI Benefit,3.34,2.8149999999999995,3.2716666666666665,0.1433086923273005,2.3425,2.606666666666666
17-3024.00,Electro-Mechanical and Mechatronics Technologists and Technicians,Low AI Benefit,3.1785714285714284,3.75,2.5016666666666665,0.1432078559738134,2.5625,2.6233333333333335
51-4062.00,"Patternmakers, Metal and Plastic",Minimal AI Benefit,2.7142857142857144,2.9675,2.27,0.1431114821408796,2.0,1.9583333333333333
19-3033.00,Clinical and Counseling Psychologists,High AI Benefit,3.5171428571428573,1.1875,3.5833333333333335,0.1430339431914562,1.9675,2.5
29-2035.00,Magnetic Resonance Imaging Technologists,Low AI Benefit,2.91,3.0275,2.956666666666667,0.142612915678597,2.155,2.436666666666667
29-1127.00,Speech-Language Pathologists,High AI Benefit,3.787142857142857,1.9025,3.4599999999999995,0.1425043120551295,2.095,2.3316666666666666
11-3031.00,Financial Managers,High AI Benefit,3.3200000000000003,1.5325,3.3733333333333335,0.142495250158328,2.0625,3.1233333333333335
11-1011.03,Chief Sustainability Officers,High AI Benefit,3.68,1.72,3.5216666666666665,0.1424544666088464,2.19,3.231666666666667
29-1024.00,Prosthodontists,High AI Benefit,3.358571428571428,2.34,3.081666666666667,0.1423668143924133,2.1875,2.645
51-3092.00,Food Batchmakers,Minimal AI Benefit,2.644285714285714,2.78,2.331666666666667,0.1420572928617977,1.8425,1.9366666666666668
29-1141.04,Clinical Nurse Specialists,Moderate AI Benefit,3.732857142857142,2.19,3.686666666666667,0.1418573515092502,2.22,2.7899999999999996
19-4051.00,Nuclear Technicians,Low AI Benefit,3.107142857142857,3.47,2.895,0.1418152350081037,2.375,2.4599999999999995
29-9093.00,Surgical Assistants,Low AI Benefit,3.032857142857143,2.75,3.0,0.1417640215628123,2.06,2.438333333333333
13-1081.00,Logisticians,High AI Benefit,3.552857142857143,1.5925,3.395,0.1417261957493416,2.095,3.1466666666666665
51-7032.00,"Patternmakers, Wood",Minimal AI Benefit,2.838571428571428,2.905,2.2083333333333335,0.1417096771555003,2.0625,2.355
31-9097.00,Phlebotomists,Moderate AI Benefit,2.7142857142857144,2.315,2.956666666666667,0.1416532310776068,1.935,2.2716666666666665
25-3041.00,Tutors,High AI Benefit,3.355714285714286,1.125,3.375,0.1416230074685096,1.815,2.145
29-1124.00,Radiation Therapists,Moderate AI Benefit,3.0357142857142856,3.0649999999999995,3.02,0.141609979836476,2.2825,2.56
29-1023.00,Orthodontists,High AI Benefit,3.678571428571429,2.2825,3.4399999999999995,0.1415569135005883,2.22,2.811666666666667
11-3031.01,Treasurers and Controllers,High AI Benefit,3.640000000000001,1.47,3.0416666666666665,0.1414349467902506,2.06,3.3533333333333335
11-9111.00,Medical and Health Services Managers,High AI Benefit,3.838571428571429,1.685,3.8783333333333334,0.1413559988065696,2.3125,3.645
21-1023.00,Mental Health and Substance Abuse Social Workers,High AI Benefit,3.5542857142857143,1.565,3.731666666666666,0.1412337265323757,2.0625,2.6899999999999995
41-3011.00,Advertising Sales Agents,Moderate AI Benefit,2.8742857142857146,1.655,3.48,0.1411287796758807,1.8775,2.4166666666666665
25-2058.00,"Special Education Teachers, Secondary School",High AI Benefit,3.5171428571428573,1.625,3.688333333333333,0.1407563878620465,2.0625,2.73
51-9011.00,Chemical Equipment Operators and Tenders,Low AI Benefit,3.0542857142857143,3.44,2.4983333333333335,0.1407553500181356,2.2175,2.4166666666666665
19-1032.00,Foresters,Moderate AI Benefit,3.448571428571428,2.595,3.186666666666667,0.1406395933941022,2.3125,3.3100000000000005
31-2021.00,Physical Therapist Assistants,Moderate AI Benefit,3.0357142857142856,2.4025,3.081666666666667,0.1405968842705918,2.065,2.48
13-1021.00,"Buyers and Purchasing Agents, Farm Products",High AI Benefit,3.018571428571428,2.0,3.0833333333333335,0.1405919032266297,1.9675,2.895
41-4011.07,Solar Sales Representatives and Assessors,Moderate AI Benefit,2.944285714285715,1.8425,3.311666666666667,0.1404075745840121,1.8775,2.3333333333333335
51-8011.00,Nuclear Power Reactor Operators,Moderate AI Benefit,3.2157142857142853,3.5625,2.9599999999999995,0.1403889152381597,2.22,2.73
27-1027.00,Set and Exhibit Designers,High AI Benefit,3.34,1.875,3.0833333333333335,0.1403215003348961,2.095,3.0016666666666665
33-3031.00,Fish and Game Wardens,Low AI Benefit,3.1999999999999997,2.6575,3.1683333333333334,0.1401398146642822,2.155,2.476666666666667
31-9099.01,Speech-Language Pathology Assistants,Moderate AI Benefit,2.9271428571428575,1.5625,3.0,0.14002749487978,1.7825,2.27
51-9012.00,"Separating, Filtering, Clarifying, Precipitating, and Still Machine Setters, Operators, and Tenders",Minimal AI Benefit,2.7857142857142856,3.2175,2.5416666666666665,0.1398444397089713,2.1875,2.375
43-4051.00,Customer Service Representatives,Moderate AI Benefit,2.7671428571428573,1.2175,3.105,0.1395929416482855,1.6575,2.1266666666666665
29-2099.08,Patient Representatives,Moderate AI Benefit,2.9271428571428575,1.25,3.563333333333333,0.1394331983805667,1.845,2.6466666666666665
43-5111.00,"Weighers, Measurers, Checkers, and Samplers, Recordkeeping",Low AI Benefit,2.7157142857142853,2.3425,2.813333333333333,0.1394109223343882,1.8775,2.188333333333333
25-2022.00,"Middle School Teachers, Except Special and Career/Technical Education",High AI Benefit,3.4642857142857144,1.4075,3.5416666666666665,0.1393691834758074,1.97,2.7516666666666665
29-1129.01,Art Therapists,High AI Benefit,3.448571428571428,1.4675,3.4150000000000005,0.1392612790022469,1.97,2.625
31-2022.00,Physical Therapist Aides,Moderate AI Benefit,2.731428571428572,1.935,2.936666666666667,0.1392557136370516,1.7525,2.0416666666666665
25-1124.00,"Foreign Language and Literature Teachers, Postsecondary",High AI Benefit,3.518571428571428,1.28,3.105,0.139144024346777,1.8125,2.3100000000000005
43-4031.00,"Court, Municipal, and License Clerks",Low AI Benefit,2.642857142857143,1.5625,2.7083333333333335,0.1390851289297068,1.6875,2.311666666666667
21-1022.00,Healthcare Social Workers,High AI Benefit,3.5,1.465,3.6233333333333335,0.1390330188679245,1.965,2.58
29-2081.00,"Opticians, Dispensing",Low AI Benefit,2.891428571428572,2.375,3.1466666666666665,0.1389120578738304,2.0025,2.375
31-9094.00,Medical Transcriptionists,Moderate AI Benefit,2.622857142857143,1.31,2.2083333333333335,0.1388840964770021,1.4375,1.7716666666666665
29-2032.00,Diagnostic Medical Sonographers,Low AI Benefit,3.0885714285714285,2.81,3.1033333333333335,0.1387541104238047,2.155,2.3766666666666665
25-3021.00,Self-Enrichment Teachers,Moderate AI Benefit,2.9285714285714284,1.78,2.873333333333333,0.1386324819129133,1.72,2.105
11-9013.00,"Farmers, Ranchers, and Other Agricultural Managers",Low AI Benefit,3.251428571428572,2.78,3.1466666666666665,0.1385832383124287,2.315,3.1466666666666665
27-1014.00,Special Effects Artists and Animators,Low AI Benefit,2.9985714285714287,1.78,2.7933333333333334,0.1385532287167149,1.81,2.461666666666666
11-9199.10,Wind Energy Development Managers,Moderate AI Benefit,3.2328571428571427,2.095,3.2516666666666665,0.138318935922206,2.0625,3.1466666666666665
27-4012.00,Broadcast Technicians,Low AI Benefit,3.105714285714286,3.095,2.606666666666666,0.1382569384500592,2.25,2.561666666666667
21-1091.00,Health Education Specialists,High AI Benefit,3.4642857142857144,1.44,3.375,0.1381121699946537,1.9375,2.811666666666667
11-2021.00,Marketing Managers,High AI Benefit,3.6257142857142854,1.4075,3.4783333333333335,0.1379614066843364,2.0325,3.188333333333333
25-4011.00,Archivists,Moderate AI Benefit,3.018571428571429,1.6225,2.7916666666666665,0.1379465668196278,1.75,2.5033333333333334
43-5071.00,"Shipping, Receiving, and Inventory Clerks",Low AI Benefit,2.5199999999999996,2.0925,2.6683333333333334,0.1378958120531154,1.6875,2.206666666666667
25-2051.00,"Special Education Teachers, Preschool",High AI Benefit,3.34,1.5025,3.375,0.1378929950358522,1.875,2.475
29-1291.00,Acupuncturists,Moderate AI Benefit,3.0157142857142856,1.875,2.9983333333333335,0.1377292094479071,1.8125,2.3333333333333335
13-2061.00,Financial Examiners,High AI Benefit,3.6628571428571424,1.5,3.23,0.1376320983336248,1.9675,2.935
51-8031.00,Water and Wastewater Treatment Plant and System Operators,Minimal AI Benefit,2.872857142857143,3.565,2.563333333333333,0.1375218531468531,2.2475,2.5016666666666665
33-2021.00,Fire Inspectors and Investigators,Moderate AI Benefit,2.9985714285714287,2.4675,3.168333333333333,0.1374875373878364,1.97,2.601666666666667
41-9012.00,Models,Moderate AI Benefit,1.84,1.03,2.105,0.1374288745298486,1.1875,1.4783333333333335
43-4041.00,"Credit Authorizers, Checkers, and Clerks",Moderate AI Benefit,2.6242857142857146,1.0925,2.811666666666667,0.1373628101512626,1.56,2.268333333333333
39-5012.00,"Hairdressers, Hairstylists, and Cosmetologists",Moderate AI Benefit,3.037142857142857,1.625,3.0216666666666665,0.1373392526279099,1.7825,2.23
27-3043.05,"Poets, Lyricists and Creative Writers",Moderate AI Benefit,3.0357142857142856,1.1875,2.6033333333333335,0.1372649662179856,1.56,1.9783333333333335
29-1292.00,Dental Hygienists,Low AI Benefit,2.857142857142857,2.44,2.936666666666667,0.1371751025991792,1.91,2.125
41-2011.00,Cashiers,Low AI Benefit,2.1242857142857146,1.535,2.668333333333333,0.13699863301437,1.4675,1.9166666666666667
13-1041.04,Government Property Inspectors and Investigators,Moderate AI Benefit,3.3042857142857143,2.5625,3.1666666666666665,0.136998282807209,2.0325,2.77
51-4061.00,"Model Makers, Metal and Plastic",Minimal AI Benefit,2.8757142857142854,3.3425,2.2516666666666665,0.136961580472052,2.06,2.1033333333333335
41-9022.00,Real Estate Sales Agents,Moderate AI Benefit,2.9085714285714284,1.8425,3.52,0.1366852011381731,1.87,2.5400000000000005
43-3061.00,Procurement Clerks,High AI Benefit,3.1257142857142854,1.2175,3.02,0.1366719324964763,1.72,2.5016666666666665
13-1131.00,Fundraisers,Moderate AI Benefit,3.108571428571428,1.435,3.625,0.1366625442449571,1.9075,2.8516666666666666
43-4181.00,Reservation and Transportation Ticket Agents and Travel Clerks,Moderate AI Benefit,2.8385714285714285,1.72,3.2916666666666665,0.136609482742598,1.75,2.2099999999999995
45-4023.00,Log Graders and Scalers,Minimal AI Benefit,2.7328571428571427,2.5325,2.706666666666667,0.1366040263723865,1.845,2.2516666666666665
39-3011.00,Gambling Dealers,Moderate AI Benefit,2.25,1.4675,2.7900000000000005,0.1364693118412895,1.4675,1.7483333333333335
49-2094.00,"Electrical and Electronics Repairers, Commercial and Industrial Equipment",Low AI Benefit,3.052857142857143,3.595,2.795,0.1364245742985013,2.435,2.563333333333333
43-3071.00,Tellers,Moderate AI Benefit,2.607142857142857,1.845,2.875,0.1364050513858,1.6575,2.1666666666666665
43-4161.00,"Human Resources Assistants, Except Payroll and Timekeeping",Moderate AI Benefit,2.858571428571428,1.3125,2.8966666666666665,0.1363800108071327,1.6225,2.2066666666666666
25-1126.00,"Philosophy and Religion Teachers, Postsecondary",High AI Benefit,3.448571428571428,1.22,3.126666666666667,0.1363611491108071,1.78,2.4783333333333335
29-1122.00,Occupational Therapists,Moderate AI Benefit,3.75,1.935,3.645,0.136208484585794,2.095,2.893333333333333
29-2057.00,Ophthalmic Medical Technicians,Low AI Benefit,2.642857142857143,2.1225,2.6650000000000005,0.1361476692815663,1.75,1.893333333333333
43-3041.00,Gambling Cage Workers,Moderate AI Benefit,2.43,1.875,2.92,0.1359263906315349,1.625,2.105
39-2021.00,Animal Caretakers,Low AI Benefit,2.41,1.845,2.4583333333333335,0.1358981652680984,1.5925,2.04
21-1015.00,Rehabilitation Counselors,High AI Benefit,3.3028571428571425,1.2475,3.4766666666666666,0.1356710033862056,1.8125,2.52
29-1123.00,Physical Therapists,Moderate AI Benefit,3.4285714285714284,2.0625,3.438333333333333,0.1356431762953672,2.06,2.7899999999999996
43-4151.00,Order Clerks,Moderate AI Benefit,2.731428571428572,1.7475,2.9599999999999995,0.1356409407088439,1.6575,2.1233333333333335
33-9021.00,Private Detectives and Investigators,Moderate AI Benefit,3.164285714285714,1.7825,2.918333333333333,0.1356092074951477,1.78,2.418333333333333
11-3051.02,Geothermal Production Managers,Moderate AI Benefit,3.4285714285714284,3.0325,3.23,0.135506853032976,2.3775,3.351666666666667
11-3051.01,Quality Control Systems Managers,Moderate AI Benefit,3.552857142857143,3.22,3.25,0.1354605534902932,2.3425,3.27
25-1122.00,"Communications Teachers, Postsecondary",High AI Benefit,3.552857142857143,1.2825,3.2283333333333335,0.1353901137886631,1.84,2.686666666666667
27-1025.00,Interior Designers,High AI Benefit,3.3000000000000003,1.9075,3.4783333333333335,0.1353719292217831,1.97,2.8966666666666665
43-9081.00,Proofreaders and Copy Markers,Moderate AI Benefit,2.377142857142857,1.345,1.9383333333333332,0.1352910137315777,1.3125,1.7283333333333335
11-9151.00,Social and Community Service Managers,Moderate AI Benefit,3.6628571428571424,1.905,3.6466666666666665,0.1352108835292692,2.125,3.3766666666666665
25-1112.00,"Law Teachers, Postsecondary",High AI Benefit,3.555714285714285,1.25,3.145,0.1351825398260492,1.78,2.436666666666667
13-2099.04,"Fraud Examiners, Investigators and Analysts",High AI Benefit,3.268571428571428,1.345,3.2283333333333335,0.1349757957649349,1.7825,2.5816666666666666
25-9042.00,"Teaching Assistants, Preschool, Elementary, Middle, and Secondary School, Except Special Education",Moderate AI Benefit,2.9114285714285715,1.6225,3.3349999999999995,0.1348858975417733,1.75,2.355
49-9061.00,Camera and Photographic Equipment Repairers,Minimal AI Benefit,2.8742857142857146,3.095,2.186666666666667,0.1348322363879044,2.0925,2.268333333333333
51-9061.00,"Inspectors, Testers, Sorters, Samplers, and Weighers",Minimal AI Benefit,2.6614285714285715,2.97,2.418333333333333,0.1348255798738627,1.84,2.1650000000000005
51-8099.01,Biofuels Processing Technicians,Low AI Benefit,2.6799999999999997,3.5025,3.0,0.1346406550085919,2.22,2.5233333333333334
25-1193.00,"Recreation and Fitness Studies Teachers, Postsecondary",High AI Benefit,3.5714285714285716,1.6575,3.2466666666666666,0.1343805562078566,1.9075,2.811666666666667
29-2053.00,Psychiatric Technicians,Moderate AI Benefit,3.0885714285714285,1.905,3.4983333333333335,0.1343749458095617,1.845,2.3333333333333335
23-1021.00,"Administrative Law Judges, Adjudicators, and Hearing Officers",High AI Benefit,3.5,1.155,3.1466666666666665,0.1343627859293906,1.7475,2.456666666666667
33-3021.02,Police Identification and Records Officers,Low AI Benefit,2.962857142857143,2.28,2.875,0.1343191066952936,1.78,2.2916666666666665
25-1081.00,"Education Teachers, Postsecondary",High AI Benefit,3.605714285714286,1.125,3.188333333333333,0.1342990901863792,1.81,2.7483333333333335
53-2011.00,"Airline Pilots, Copilots, and Flight Engineers",Moderate AI Benefit,3.5328571428571434,3.935000000000001,3.02,0.134209628344755,2.2475,2.793333333333333
49-9062.00,Medical Equipment Repairers,Minimal AI Benefit,2.802857142857143,3.41,2.6033333333333335,0.1341806029439583,2.28,2.4583333333333335
25-2023.00,"Career/Technical Education Teachers, Middle School",High AI Benefit,3.5014285714285713,1.94,3.356666666666667,0.1341602821354736,1.97,2.6033333333333335
43-9031.00,Desktop Publishers,Moderate AI Benefit,3.1785714285714284,2.1575,2.7716666666666665,0.1341258824631473,1.875,2.561666666666667
15-1231.00,Computer Network Support Specialists,Minimal AI Benefit,3.0542857142857143,2.75,2.5416666666666665,0.134097775336446,2.0925,2.4783333333333335
27-2023.00,"Umpires, Referees, and Other Sports Officials",Moderate AI Benefit,2.9285714285714284,1.5625,2.855,0.1340590948659709,1.595,1.8966666666666665
43-9021.00,Data Entry Keyers,Moderate AI Benefit,2.5171428571428573,1.5,2.5400000000000005,0.1339054454673116,1.5325,2.23
51-8013.03,Biomass Plant Technicians,Minimal AI Benefit,2.962857142857143,3.4075,2.77,0.1338439041682668,2.1575,2.4166666666666665
53-6051.00,Transportation Inspectors,Minimal AI Benefit,2.855714285714286,2.5625,2.7883333333333336,0.1338308285630285,1.8425,2.688333333333333
43-2021.00,Telephone Operators,Moderate AI Benefit,2.2842857142857147,1.28,2.5,0.1337579617834394,1.3775,1.856666666666667
51-8013.04,Hydroelectric Plant Technicians,Minimal AI Benefit,2.962857142857143,3.5024999999999995,2.6233333333333335,0.1336568619140459,2.2525,2.4166666666666665
29-1122.01,"Low Vision Therapists, Orientation and Mobility Specialists, and Vision Rehabilitation Therapists",Moderate AI Benefit,3.3228571428571425,1.9375,3.4599999999999995,0.1335436115279933,1.875,2.4150000000000005
43-5011.01,Freight Forwarders,Moderate AI Benefit,2.9457142857142857,1.7175,3.2283333333333335,0.133346544207606,1.8425,2.7083333333333335
51-2041.00,Structural Metal Fabricators and Fitters,Low AI Benefit,2.3228571428571425,2.4075,2.2483333333333335,0.1333065983293883,1.6225,1.7900000000000005
41-9091.00,"Door-to-Door Sales Workers, News and Street Vendors, and Related Workers",Moderate AI Benefit,2.552857142857143,1.22,3.375,0.1332014005175826,1.5625,2.02
25-2032.00,"Career/Technical Education Teachers, Secondary School",Moderate AI Benefit,3.4128571428571424,2.0625,3.581666666666667,0.1331446084739021,2.0325,2.7083333333333335
11-9199.09,Wind Energy Operations Managers,Low AI Benefit,3.234285714285714,2.875,3.3516666666666666,0.1330726304822527,2.22,3.1266666666666665
51-2023.00,Electromechanical Equipment Assemblers,Minimal AI Benefit,2.467142857142857,3.03,2.0866666666666664,0.133064308405598,1.845,2.061666666666667
19-1031.03,Park Naturalists,Moderate AI Benefit,3.175714285714286,2.065,3.186666666666667,0.132992090128683,1.8775,2.625
51-3011.00,Bakers,Minimal AI Benefit,2.6785714285714284,2.5325,2.395,0.1328889638879514,1.6875,2.125
25-4022.00,Librarians and Media Collections Specialists,High AI Benefit,3.018571428571428,1.375,2.9583333333333335,0.1327966674172483,1.685,2.561666666666667
51-9195.03,"Stone Cutters and Carvers, Manufacturing",Low AI Benefit,2.642857142857143,2.345,2.31,0.1327806931284521,1.72,2.1233333333333335
11-9141.00,"Property, Real Estate, and Community Association Managers",Moderate AI Benefit,2.961428571428572,1.7175,3.2283333333333335,0.1327605468957812,1.7825,2.706666666666667
43-4111.00,"Interviewers, Except Eligibility and Loan",Moderate AI Benefit,2.8042857142857143,1.28,3.0849999999999995,0.1327586206896551,1.595,2.25
51-4034.00,"Lathe and Turning Machine Tool Setters, Operators, and Tenders, Metal and Plastic",Minimal AI Benefit,2.41,3.125,2.186666666666667,0.132610361289562,1.875,2.105
53-7065.00,Stockers and Order Fillers,Low AI Benefit,2.358571428571428,2.1575,2.5216666666666665,0.1324881706990447,1.59,2.188333333333333
31-9091.00,Dental Assistants,Low AI Benefit,2.7671428571428573,2.31,2.8733333333333335,0.1324800083534192,1.8125,2.2283333333333335
43-6013.00,Medical Secretaries and Administrative Assistants,Moderate AI Benefit,2.587142857142857,1.28,2.643333333333334,0.1321916118861996,1.4675,2.1233333333333335
15-1232.00,Computer User Support Specialists,Low AI Benefit,3.1942857142857144,2.94,2.8533333333333335,0.1321893455006028,2.0625,2.4599999999999995
53-2021.00,Air Traffic Controllers,Moderate AI Benefit,3.694285714285715,2.625,3.1666666666666674,0.1321368037335438,2.0325,2.7083333333333335
43-6012.00,Legal Secretaries and Administrative Assistants,Low AI Benefit,2.5542857142857143,1.5625,2.6033333333333335,0.1321136254212807,1.47,1.9366666666666668
51-9051.00,"Furnace, Kiln, Oven, Drier, and Kettle Operators and Tenders",Minimal AI Benefit,2.4285714285714284,3.03,2.205,0.1320201992020757,1.69,1.855
41-1011.00,First-Line Supervisors of Retail Sales Workers,Moderate AI Benefit,3.0885714285714285,1.72,3.4166666666666665,0.1319248186863699,1.845,2.9150000000000005
39-7011.00,Tour Guides and Escorts,Moderate AI Benefit,2.4285714285714284,1.28,2.7483333333333335,0.1318806570566544,1.405,1.7916666666666667
27-1026.00,Merchandise Displayers and Window Trimmers,Low AI Benefit,2.8057142857142856,1.81,2.731666666666666,0.131606857054706,1.625,2.25
25-2057.00,"Special Education Teachers, Middle School",High AI Benefit,3.4642857142857144,1.22,3.6666666666666665,0.1315634626700356,1.81,2.5666666666666664
11-3111.00,Compensation and Benefits Managers,High AI Benefit,3.431428571428571,1.25,3.143333333333334,0.1315096181254373,1.8125,3.145
31-1131.00,Nursing Assistants,Moderate AI Benefit,2.607142857142857,2.0,2.8533333333333335,0.1314434509187383,1.5925,2.0
51-8012.00,Power Distributors and Dispatchers,Minimal AI Benefit,3.0871428571428576,2.8425,2.726666666666667,0.1313511386552555,1.9075,2.4583333333333335
49-2095.00,"Electrical and Electronics Repairers, Powerhouse, Substation, and Relay",Minimal AI Benefit,2.8742857142857146,3.22,2.668333333333333,0.1312471484541906,2.1575,2.5833333333333335
11-9071.00,Gambling Managers,High AI Benefit,3.447142857142857,1.9675,3.5833333333333335,0.1312233119046501,1.9975,3.2266666666666666
51-4041.00,Machinists,Minimal AI Benefit,2.6942857142857144,3.0925,2.543333333333333,0.1312172366450324,2.0025,2.2083333333333335
25-1065.00,"Political Science Teachers, Postsecondary",High AI Benefit,3.5014285714285713,1.1575,3.2066666666666666,0.1312082822503746,1.72,2.523333333333333
33-3051.04,Customs and Border Protection Officers,Moderate AI Benefit,3.122857142857143,2.125,3.188333333333333,0.131127010955713,1.7825,2.375
27-2041.00,Music Directors and Composers,High AI Benefit,3.107142857142857,1.375,3.063333333333333,0.1310437539171428,1.7175,2.7483333333333335
51-9071.06,Gem and Diamond Workers,Minimal AI Benefit,2.697142857142857,2.595,2.4783333333333335,0.1310375005469741,1.7825,2.145
43-9041.00,Insurance Claims and Policy Processing Clerks,Moderate AI Benefit,2.6957142857142857,1.4675,2.9150000000000005,0.131002009417269,1.56,2.27
47-2021.00,Brickmasons and Blockmasons,Minimal AI Benefit,2.7142857142857144,2.655,2.52,0.1309125615869439,1.8125,2.2083333333333335
43-4121.00,"Library Assistants, Clerical",Moderate AI Benefit,2.4828571428571427,1.5,2.688333333333333,0.1308384041868289,1.5,2.1683333333333334
43-4061.00,"Eligibility Interviewers, Government Programs",Moderate AI Benefit,2.801428571428572,1.125,3.081666666666667,0.1308356869911945,1.5,1.9566666666666668
33-3021.00,Detectives and Criminal Investigators,Moderate AI Benefit,3.2857142857142856,2.2825,3.313333333333333,0.1307542235689676,1.875,2.4583333333333335
53-7072.00,"Pump Operators, Except Wellhead Pumpers",Minimal AI Benefit,2.768571428571428,3.315,2.5866666666666664,0.1307307898561425,2.0025,2.395
21-1093.00,Social and Human Service Assistants,Moderate AI Benefit,3.1242857142857146,1.75,3.481666666666666,0.1307290118383548,1.78,2.48
43-6014.00,"Secretaries and Administrative Assistants, Except Legal, Medical, and Executive",Low AI Benefit,2.697142857142857,1.5025,2.7283333333333335,0.1306987481313496,1.53,2.2483333333333335
43-4071.00,File Clerks,Low AI Benefit,2.5885714285714285,1.6575,2.563333333333333,0.1306308641335337,1.5,2.143333333333333
51-8092.00,Gas Plant Operators,Minimal AI Benefit,2.9828571428571427,3.53,2.6666666666666665,0.1305538039244779,2.095,2.52
13-1199.04,Business Continuity Planners,High AI Benefit,3.5714285714285716,1.75,3.2900000000000005,0.130546732120512,1.9375,3.23
29-2099.01,Neurodiagnostic Technologists,Minimal AI Benefit,2.995714285714286,2.97,2.768333333333334,0.1304862739524858,1.9675,2.5016666666666665
25-4031.00,Library Technicians,Low AI Benefit,2.6799999999999997,1.6875,2.601666666666667,0.1304620094628444,1.5625,2.23
11-9021.00,Construction Managers,High AI Benefit,3.5357142857142856,2.47,3.3333333333333335,0.1304014029911409,2.0625,3.4150000000000005
39-5091.00,"Makeup Artists, Theatrical and Performance",Moderate AI Benefit,2.891428571428572,1.6875,2.7483333333333335,0.1303088531658621,1.655,2.563333333333333
45-4011.00,Forest and Conservation Workers,Low AI Benefit,2.712857142857142,2.4025,2.4599999999999995,0.1302090843547224,1.72,2.0416666666666665
11-9131.00,Postmasters and Mail Superintendents,Moderate AI Benefit,3.2857142857142856,2.0925,3.5833333333333335,0.1301055908922941,1.97,3.2099999999999995
51-4192.00,"Layout Workers, Metal and Plastic",Minimal AI Benefit,2.731428571428572,2.75,2.3349999999999995,0.1300791051017563,1.7775,1.9783333333333335
11-2022.00,Sales Managers,Moderate AI Benefit,3.5357142857142856,1.5625,3.8766666666666665,0.1299831120338379,1.9975,3.395
51-9195.04,"Glass Blowers, Molders, Benders, and Finishers",Minimal AI Benefit,2.7328571428571427,3.16,2.27,0.1299719425647796,1.875,2.293333333333333
51-7042.00,"Woodworking Machine Setters, Operators, and Tenders, Except Sawing",Minimal AI Benefit,2.6257142857142854,3.3425,1.9816666666666665,0.1299693433544304,1.8775,1.9583333333333333
33-9099.02,Retail Loss Prevention Specialists,Moderate AI Benefit,3.0199999999999996,2.2825,2.9599999999999995,0.129965878625396,1.7775,2.606666666666666
41-2031.00,Retail Salespersons,Low AI Benefit,2.6957142857142857,1.9375,3.418333333333333,0.1299171463137441,1.6875,2.25
27-1012.00,Craft Artists,Low AI Benefit,2.768571428571428,2.22,2.4783333333333335,0.1299070294376809,1.72,2.268333333333333
27-1023.00,Floral Designers,Moderate AI Benefit,2.91,1.4075,2.858333333333333,0.1298948082796063,1.595,2.3533333333333335
11-3121.00,Human Resources Managers,High AI Benefit,3.5,1.405,3.669999999999999,0.1298222073129822,1.935,3.395
41-9021.00,Real Estate Brokers,Moderate AI Benefit,3.0171428571428573,1.935,3.2283333333333335,0.129774009269572,1.72,2.3533333333333335
17-3023.00,Electrical and Electronic Engineering Technologists and Technicians,Low AI Benefit,3.0157142857142856,2.97,2.688333333333333,0.1295418408809846,2.095,2.6233333333333335
39-5092.00,Manicurists and Pedicurists,Moderate AI Benefit,2.302857142857143,1.4375,2.6650000000000005,0.1294111208406304,1.4075,1.9383333333333332
13-1071.00,Human Resources Specialists,Moderate AI Benefit,2.9642857142857144,1.3425,3.1266666666666665,0.1293933352321276,1.6225,2.483333333333333
47-4099.03,Weatherization Installers and Technicians,Low AI Benefit,2.9299999999999997,3.03,2.855,0.1293615724516227,2.1225,2.75
51-8093.00,"Petroleum Pump System Operators, Refinery Operators, and Gaugers",Minimal AI Benefit,2.9285714285714284,3.3774999999999995,2.5,0.1292456821940993,2.0,2.418333333333333
51-9083.00,Ophthalmic Laboratory Technicians,Minimal AI Benefit,2.641428571428572,2.9675,2.435,0.1292323878391129,1.8425,2.2483333333333335
25-9031.00,Instructional Coordinators,High AI Benefit,3.6628571428571424,1.5,3.645,0.1292297255826724,1.905,2.9983333333333335
53-7064.00,"Packers and Packagers, Hand",Low AI Benefit,2.1771428571428575,2.03,1.9966666666666668,0.1291931857585485,1.375,1.7516666666666667
23-1023.00,"Judges, Magistrate Judges, and Magistrates",High AI Benefit,3.7514285714285713,1.0625,3.2083333333333335,0.129105292359458,1.7175,2.563333333333333
45-2041.00,"Graders and Sorters, Agricultural Products",Low AI Benefit,2.0700000000000003,1.625,1.9583333333333333,0.129075006626027,1.2175,1.5616666666666668
51-9032.00,"Cutting and Slicing Machine Setters, Operators, and Tenders",Minimal AI Benefit,2.605714285714286,3.4675,2.311666666666667,0.1290100116525172,1.9375,2.2283333333333335
35-3023.00,Fast Food and Counter Workers,Low AI Benefit,2.2142857142857144,1.9675,2.645,0.1289624003515159,1.4675,2.0849999999999995
11-9032.00,"Education Administrators, Kindergarten through Secondary",Moderate AI Benefit,3.821428571428571,1.8425,3.834999999999999,0.1289430441034068,2.0925,3.606666666666667
29-2034.00,Radiologic Technologists and Technicians,Minimal AI Benefit,2.7514285714285713,2.9975000000000005,2.936666666666667,0.1288881969254973,1.8725,2.25
53-2012.00,Commercial Pilots,Moderate AI Benefit,3.4257142857142857,3.7175,2.855,0.1288560788223564,2.0925,2.5833333333333335
51-4021.00,"Extruding and Drawing Machine Setters, Operators, and Tenders, Metal and Plastic",Minimal AI Benefit,2.7114285714285713,3.25,2.3966666666666665,0.128841486073007,1.94,2.231666666666667
11-3061.00,Purchasing Managers,Moderate AI Benefit,3.392857142857143,1.78,3.668333333333333,0.1286640645652884,1.97,3.5
21-1011.00,Substance Abuse and Behavioral Disorder Counselors,Moderate AI Benefit,3.5,1.78,3.668333333333333,0.1286596523330283,1.875,2.75
13-1011.00,"Agents and Business Managers of Artists, Performers, and Athletes",High AI Benefit,3.0,1.125,3.5849999999999995,0.1286269430051813,1.655,2.5016666666666665
29-9091.00,Athletic Trainers,High AI Benefit,3.4114285714285715,2.375,3.3100000000000005,0.1286264750742554,1.9075,2.608333333333333
27-2012.04,Talent Directors,High AI Benefit,3.1799999999999997,1.2825,3.23,0.1286019555785793,1.655,2.5216666666666665
51-2031.00,Engine and Other Machine Assemblers,Minimal AI Benefit,2.518571428571428,3.0649999999999995,2.395,0.1285277698545291,1.8775,2.186666666666667
21-1013.00,Marriage and Family Therapists,High AI Benefit,3.5885714285714285,1.2175,3.77,0.128435409161091,1.7825,2.52
51-3093.00,Food Cooking Machine Operators and Tenders,Minimal AI Benefit,2.587142857142857,2.8125,2.23,0.1284313172876388,1.6275,2.0399999999999996
47-2211.00,Sheet Metal Workers,Minimal AI Benefit,2.802857142857143,2.8475,2.498333333333333,0.1284287112149237,1.9375,2.25
51-4191.00,"Heat Treating Equipment Setters, Operators, and Tenders, Metal and Plastic",Minimal AI Benefit,2.731428571428572,3.3425,2.376666666666667,0.1283955959421125,1.9075,2.123333333333333
23-1012.00,Judicial Law Clerks,Moderate AI Benefit,3.142857142857143,1.25,2.7900000000000005,0.1283749363219561,1.5,2.0016666666666665
27-1013.00,"Fine Artists, Including Painters, Sculptors, and Illustrators",Low AI Benefit,2.8757142857142854,2.19,2.335,0.1283564303150287,1.59,2.1466666666666665
25-1123.00,"English Language and Literature Teachers, Postsecondary",High AI Benefit,3.4285714285714284,1.125,3.3100000000000005,0.1283119372586605,1.6575,2.3966666666666665
53-1041.00,Aircraft Cargo Handling Supervisors,Low AI Benefit,3.16,2.625,3.0,0.1283082441171675,1.9675,2.831666666666667
41-4012.00,"Sales Representatives, Wholesale and Manufacturing, Except Technical and Scientific Products",Moderate AI Benefit,2.854285714285715,1.405,3.3733333333333335,0.1282710213161755,1.5925,2.1899999999999995
43-5041.00,"Meter Readers, Utilities",Minimal AI Benefit,2.5728571428571425,2.66,2.625,0.1282670454545454,1.72,2.1466666666666665
23-2093.00,"Title Examiners, Abstractors, and Searchers",Moderate AI Benefit,2.7842857142857147,1.2175,2.5833333333333335,0.1282609619306594,1.4375,2.185
51-8091.00,Chemical Plant and System Operators,Low AI Benefit,3.1242857142857146,3.655,2.5416666666666665,0.1282506828932465,2.0625,2.543333333333333
11-9171.00,Funeral Home Managers,Moderate AI Benefit,2.967142857142857,1.9975,3.4166666666666665,0.1282356215682801,1.81,2.893333333333334
51-4032.00,"Drilling and Boring Machine Tool Setters, Operators, and Tenders, Metal and Plastic",Minimal AI Benefit,2.6771428571428575,3.0925,2.2066666666666666,0.1281949476400813,1.845,2.1033333333333335
29-1125.00,Recreational Therapists,Moderate AI Benefit,3.3414285714285716,1.72,3.75,0.1281419499933853,1.845,2.6466666666666665
51-9151.00,Photographic Process Workers and Processing Machine Operators,Minimal AI Benefit,2.7485714285714287,3.22,2.8983333333333334,0.128052684533065,2.0,2.436666666666667
39-4031.00,"Morticians, Undertakers, and Funeral Arrangers",Low AI Benefit,2.91,2.405,3.498333333333333,0.1280081925243215,1.875,2.8966666666666665
11-3051.04,Biomass Power Plant Managers,Moderate AI Benefit,3.3742857142857146,3.125,3.1466666666666665,0.1279514796611942,2.185,3.3083333333333336
47-2044.00,Tile and Stone Setters,Low AI Benefit,2.5357142857142856,2.3425,2.561666666666667,0.12789489378236,1.685,2.145
49-9099.01,Geothermal Technicians,Minimal AI Benefit,2.9257142857142857,3.5325,2.668333333333333,0.127833815334697,2.1575,2.563333333333333
45-1011.00,"First-Line Supervisors of Farming, Fishing, and Forestry Workers",Low AI Benefit,3.0885714285714285,3.0625,3.188333333333333,0.1278335324287012,2.1275,3.0833333333333335
49-2021.00,"Radio, Cellular, and Tower Equipment Installers and Repairers",Minimal AI Benefit,2.7485714285714287,3.03,2.7083333333333335,0.1278199857638838,2.095,2.523333333333333
51-4035.00,"Milling and Planing Machine Setters, Operators, and Tenders, Metal and Plastic",Minimal AI Benefit,2.6042857142857145,3.2225,2.186666666666667,0.1278036105032822,1.78,1.9766666666666663
51-2051.00,Fiberglass Laminators and Fabricators,Minimal AI Benefit,2.642857142857143,2.8149999999999995,2.608333333333333,0.1276833806041997,1.7525,2.2516666666666665
11-3071.04,Supply Chain Managers,High AI Benefit,3.5728571428571425,1.7175,3.5600000000000005,0.1275944435425894,1.965,3.5849999999999995
51-7011.00,Cabinetmakers and Bench Carpenters,Minimal AI Benefit,2.857142857142857,3.25,2.375,0.1274180180461945,1.94,2.2083333333333335
51-9081.00,Dental Laboratory Technicians,Minimal AI Benefit,2.857142857142857,2.75,2.5866666666666664,0.1271961703300834,1.8125,2.273333333333333
35-3041.00,"Food Servers, Nonrestaurant",Low AI Benefit,2.2857142857142856,2.06,2.52,0.1271493259342541,1.4675,2.1483333333333334
11-3131.00,Training and Development Managers,High AI Benefit,3.6957142857142857,1.4375,3.6666666666666665,0.1270053899809765,1.9075,3.311666666666667
51-9195.05,"Potters, Manufacturing",Minimal AI Benefit,2.4271428571428575,2.8425,2.2516666666666665,0.1269328366010587,1.59,2.0400000000000005
27-2021.00,Athletes and Sports Competitors,Moderate AI Benefit,3.018571428571428,2.0025,3.0833333333333335,0.1268456375838926,1.6875,2.2916666666666665
27-4021.00,Photographers,Moderate AI Benefit,3.0328571428571434,2.3725,2.98,0.1267007864186743,1.8125,2.355
51-6061.00,Textile Bleaching and Dyeing Machine Operators and Tenders,Minimal AI Benefit,2.4457142857142857,3.1575,2.2283333333333335,0.1266388860656571,1.78,2.1016666666666666
53-6051.07,"Transportation Vehicle, Equipment and Systems Inspectors, Except Aviation",Minimal AI Benefit,2.5171428571428573,3.1875,2.373333333333333,0.1265626614319661,1.75,1.8766666666666667
51-9161.00,Computer Numerically Controlled Tool Operators,Minimal AI Benefit,3.051428571428572,3.685000000000001,2.3983333333333334,0.1264662676226183,2.06,2.3766666666666665
43-3011.00,Bill and Account Collectors,Moderate AI Benefit,2.5714285714285716,1.5,3.0033333333333334,0.1264657905266073,1.4675,2.061666666666667
31-2011.00,Occupational Therapy Assistants,Moderate AI Benefit,3.0,2.035,3.3149999999999995,0.126418439716312,1.7825,2.625
51-7031.00,"Model Makers, Wood",Minimal AI Benefit,2.8214285714285716,2.75,2.3333333333333335,0.1264067488273377,1.6875,2.0400000000000005
27-3091.00,Interpreters and Translators,Moderate AI Benefit,3.0142857142857147,1.5625,2.9166666666666665,0.126392809024124,1.53,2.0816666666666666
11-9199.02,Compliance Managers,High AI Benefit,3.3214285714285716,1.7175,3.395,0.1262723875789202,1.75,2.645
27-3023.00,"News Analysts, Reporters, and Journalists",Moderate AI Benefit,2.858571428571428,1.5625,3.0416666666666665,0.1262261973456434,1.5625,2.3533333333333335
51-4033.00,"Grinding, Lapping, Polishing, and Buffing Machine Tool Setters, Operators, and Tenders, Metal and Plastic",Minimal AI Benefit,2.641428571428572,3.625,2.311666666666667,0.1262027193286854,1.905,2.206666666666667
51-5111.00,Prepress Technicians and Workers,Minimal AI Benefit,2.7857142857142856,2.6225000000000005,2.7916666666666665,0.1261080420022772,1.78,2.23
39-7012.00,Travel Guides,Moderate AI Benefit,2.89,1.935,3.561666666666667,0.1260979779520132,1.7825,2.811666666666667
49-2093.00,"Electrical and Electronics Installers and Repairers, Transportation Equipment",Minimal AI Benefit,2.7642857142857147,3.125,2.5833333333333335,0.1259471214375644,1.965,2.2916666666666665
27-2042.00,Musicians and Singers,Moderate AI Benefit,2.642857142857143,1.625,2.811666666666667,0.1259319967217702,1.5,2.1466666666666665
47-2171.00,Reinforcing Iron and Rebar Workers,Minimal AI Benefit,2.5742857142857143,2.5625,2.2716666666666665,0.1259281538432618,1.595,2.0400000000000005
35-9031.00,"Hosts and Hostesses, Restaurant, Lounge, and Coffee Shop",Moderate AI Benefit,2.3214285714285716,1.3725,2.938333333333333,0.1259201817427204,1.3725,1.895
39-6012.00,Concierges,Moderate AI Benefit,2.6628571428571424,1.315,3.311666666666667,0.1259143782228085,1.5,2.123333333333333
51-9194.00,Etchers and Engravers,Minimal AI Benefit,2.59,2.9350000000000005,2.311666666666667,0.1256026853829722,1.715,2.105
13-1151.00,Training and Development Specialists,High AI Benefit,3.7157142857142857,1.5,3.665000000000001,0.1254045831175556,1.845,2.956666666666667
31-1133.00,Psychiatric Aides,Moderate AI Benefit,2.9642857142857144,2.0,3.355,0.1253465292890618,1.6525,2.2116666666666664
51-9082.00,Medical Appliance Technicians,Low AI Benefit,3.127142857142857,3.405,3.0416666666666665,0.1253450385589482,2.0975,2.5
43-5021.00,Couriers and Messengers,Low AI Benefit,2.481428571428571,2.22,2.48,0.1250980431091828,1.5,2.061666666666667
47-2031.00,Carpenters,Minimal AI Benefit,2.894285714285714,2.8149999999999995,2.7283333333333335,0.125060489221211,1.9075,2.5
51-2022.00,Electrical and Electronic Equipment Assemblers,Minimal AI Benefit,2.602857142857143,2.845,2.435,0.1248333432407415,1.75,2.1683333333333334
29-2055.00,Surgical Technologists,Low AI Benefit,2.981428571428572,2.97,2.893333333333333,0.1248234556618807,1.9675,2.73
21-1092.00,Probation Officers and Correctional Treatment Specialists,Moderate AI Benefit,3.197142857142857,1.9975,3.2266666666666666,0.1247645536641611,1.6875,2.4166666666666665
43-9061.00,"Office Clerks, General",Moderate AI Benefit,2.462857142857143,1.6875,2.831666666666667,0.1247520456236052,1.4375,2.1033333333333335
47-2051.00,Cement Masons and Concrete Finishers,Minimal AI Benefit,2.59,2.7825,2.415,0.124576427823301,1.685,2.2083333333333335
23-1022.00,"Arbitrators, Mediators, and Conciliators",Moderate AI Benefit,3.2157142857142857,1.125,3.52,0.1245437956204379,1.56,2.105
47-2231.00,Solar Photovoltaic Installers,Minimal AI Benefit,2.855714285714286,2.965,2.6233333333333335,0.1245399742611365,1.97,2.561666666666667
51-2061.00,Timing Device Assemblers and Adjusters,Minimal AI Benefit,2.4457142857142857,3.0625,2.226666666666667,0.1245045228173594,1.75,1.9783333333333335
47-2141.00,"Painters, Construction and Maintenance",Low AI Benefit,2.447142857142857,2.185,2.436666666666667,0.1244191449814126,1.53,2.2283333333333335
11-9161.00,Emergency Management Directors,Moderate AI Benefit,3.838571428571429,1.905,3.8333333333333335,0.1243929940614898,1.97,3.2900000000000005
11-9033.00,"Education Administrators, Postsecondary",High AI Benefit,3.59,1.345,3.685,0.1243261455525606,1.845,3.375
51-4122.00,"Welding, Soldering, and Brazing Machine Setters, Operators, and Tenders",Minimal AI Benefit,2.607142857142857,2.7825,2.186666666666667,0.1242826061653341,1.6525,2.1
43-5031.00,Public Safety Telecommunicators,Moderate AI Benefit,3.052857142857143,2.155,3.3966666666666665,0.1242435751360931,1.7525,2.313333333333333
11-1011.00,Chief Executives,Moderate AI Benefit,3.928571428571429,1.815,3.831666666666667,0.1242375193491613,2.0925,4.1450000000000005
51-6051.00,"Sewers, Hand",Low AI Benefit,2.4114285714285715,2.1875,2.02,0.1242215984254509,1.375,1.98
33-9031.00,Gambling Surveillance Officers and Gambling Investigators,Low AI Benefit,3.052857142857143,2.095,2.75,0.1241922905525846,1.5925,2.27
49-3051.00,Motorboat Mechanics and Service Technicians,Minimal AI Benefit,2.625714285714286,3.4975,2.25,0.124100225706094,1.9375,2.1466666666666665
35-2011.00,"Cooks, Fast Food",Low AI Benefit,2.1785714285714284,1.655,2.4983333333333335,0.124042258750464,1.3125,1.9366666666666668
39-2011.00,Animal Trainers,High AI Benefit,3.0171428571428573,1.905,3.0216666666666665,0.1238522121003157,1.625,2.5216666666666665
25-1121.00,"Art, Drama, and Music Teachers, Postsecondary",High AI Benefit,3.5342857142857147,1.3425,3.2083333333333335,0.1238369807364696,1.6875,2.6666666666666665
39-9011.00,Childcare Workers,Moderate AI Benefit,2.8200000000000003,1.69,3.063333333333333,0.1238200234272721,1.4975,2.0233333333333334
47-2152.00,"Plumbers, Pipefitters, and Steamfitters",Minimal AI Benefit,2.802857142857143,3.0,2.561666666666667,0.1238188706806043,1.9375,2.5033333333333334
25-1194.00,"Career/Technical Education Teachers, Postsecondary",High AI Benefit,3.4642857142857144,2.2825,3.2283333333333335,0.1237970391070223,1.8775,2.563333333333333
51-9141.00,Semiconductor Processing Technicians,Minimal AI Benefit,2.7328571428571427,3.1575,2.3966666666666665,0.1236457025830745,1.7825,2.061666666666667
39-9032.00,Recreation Workers,Moderate AI Benefit,3.051428571428571,1.845,3.645,0.123618749684646,1.75,2.77
27-3031.00,Public Relations Specialists,High AI Benefit,3.2528571428571427,1.25,3.5,0.1235984979626621,1.6575,2.75
39-1013.00,First-Line Supervisors of Gambling Services Workers,Moderate AI Benefit,3.0171428571428573,2.125,3.355,0.1235825547700025,1.8125,2.731666666666666
53-5021.00,"Captains, Mates, and Pilots of Water Vessels",Low AI Benefit,3.018571428571428,3.25,3.0416666666666665,0.1235276523621654,2.065,2.811666666666667
49-3041.00,Farm Equipment Mechanics and Service Technicians,Minimal AI Benefit,2.91,3.595,2.3966666666666665,0.1235170969993021,2.065,2.3766666666666665
41-2021.00,Counter and Rental Clerks,Moderate AI Benefit,2.5171428571428573,1.905,2.9599999999999995,0.1234237029932011,1.5625,2.25
27-3041.00,Editors,Moderate AI Benefit,3.0171428571428573,1.845,2.956666666666667,0.123362828588846,1.59,2.48
53-2031.00,Flight Attendants,Low AI Benefit,2.91,2.125,3.313333333333333,0.1232409919858648,1.6275,2.23
41-9011.00,Demonstrators and Product Promoters,Moderate AI Benefit,2.8042857142857143,1.9975,2.918333333333333,0.1232368368061215,1.53,2.1649999999999996
11-9179.01,Fitness and Wellness Coordinators,Moderate AI Benefit,3.1614285714285715,1.8425,3.438333333333333,0.1232035346669256,1.8125,3.0816666666666666
29-1129.02,Music Therapists,High AI Benefit,3.3757142857142854,1.78,3.5416666666666665,0.1231563360132518,1.7525,2.625
43-9051.00,"Mail Clerks and Mail Machine Operators, Except Postal Service",Minimal AI Benefit,2.3742857142857146,2.5650000000000004,2.313333333333333,0.1231046274389601,1.53,2.0833333333333335
35-2013.00,"Cooks, Private Household",Low AI Benefit,2.857142857142857,2.2525,2.6650000000000005,0.1231016197106886,1.625,2.5833333333333335
51-2011.00,"Aircraft Structure, Surfaces, Rigging, and Systems Assemblers",Minimal AI Benefit,2.802857142857143,3.005,2.5649999999999995,0.1230782028691779,1.9375,2.5216666666666665
35-2015.00,"Cooks, Short Order",Low AI Benefit,2.5,1.935,2.75,0.1230779983226167,1.4675,2.2083333333333335
49-2096.00,"Electronic Equipment Installers and Repairers, Motor Vehicles",Minimal AI Benefit,2.787142857142857,3.25,2.8333333333333335,0.1230725979109448,2.0325,2.331666666666667
53-1042.01,Recycling Coordinators,Moderate AI Benefit,3.0171428571428573,2.1575,3.0816666666666666,0.1230580539656582,1.72,2.938333333333333
53-6051.01,Aviation Inspectors,Low AI Benefit,3.2328571428571427,3.4375,2.92,0.1230176171776489,2.0325,2.5216666666666665
21-2021.00,"Directors, Religious Activities and Education",Moderate AI Benefit,3.518571428571428,1.655,3.605,0.1229502139085736,1.7825,2.936666666666667
25-1111.00,"Criminal Justice and Law Enforcement Teachers, Postsecondary",High AI Benefit,3.622857142857143,1.155,3.105,0.1229174311926605,1.595,2.4983333333333335
33-2022.00,Forest Fire Inspectors and Prevention Specialists,Moderate AI Benefit,3.1771428571428575,2.375,3.1266666666666665,0.1229045399318653,1.8425,2.625
21-1021.00,"Child, Family, and School Social Workers",Moderate AI Benefit,3.5714285714285716,1.8425,3.7483333333333335,0.1228483287113765,1.7825,2.5649999999999995
51-4031.00,"Cutting, Punching, and Press Machine Setters, Operators, and Tenders, Metal and Plastic",Minimal AI Benefit,2.5885714285714285,3.2825,2.2099999999999995,0.1228007456397947,1.7175,2.0
51-4121.00,"Welders, Cutters, Solderers, and Brazers",Minimal AI Benefit,2.4657142857142853,2.7475,2.0850000000000004,0.1227311042427648,1.56,2.0399999999999996
49-2091.00,Avionics Technicians,Minimal AI Benefit,3.0700000000000003,3.47,2.795,0.1227200539005727,2.125,2.4783333333333335
53-6021.00,Parking Attendants,Low AI Benefit,2.357142857142857,2.0275,2.6899999999999995,0.1226486003331572,1.4375,1.9583333333333333
11-9031.00,"Education and Childcare Administrators, Preschool and Daycare",Moderate AI Benefit,3.537142857142857,1.7825,3.773333333333333,0.1225652319401103,1.875,3.33
47-2041.00,Carpet Installers,Minimal AI Benefit,2.6785714285714284,2.5600000000000005,2.625,0.1224090869067535,1.655,2.186666666666667
29-2092.00,Hearing Aid Specialists,Low AI Benefit,2.888571428571429,2.435,3.206666666666667,0.1223417747412347,1.78,2.3966666666666665
53-7071.00,Gas Compressor and Gas Pumping Station Operators,Minimal AI Benefit,2.6957142857142857,3.5,2.5,0.1223384547468329,1.8475,2.2483333333333335
27-2012.00,Producers and Directors,High AI Benefit,3.3385714285714285,2.095,3.315,0.1222743648084944,1.8425,3.2900000000000005
41-2012.00,Gambling Change Persons and Booth Cashiers,Low AI Benefit,2.358571428571429,2.1875,2.77,0.1222716133812047,1.5325,2.125
13-1032.00,"Insurance Appraisers, Auto Damage",Low AI Benefit,2.6799999999999997,2.22,2.815,0.1222414123968528,1.5925,2.315
31-9093.00,Medical Equipment Preparers,Minimal AI Benefit,2.8228571428571425,3.1575,2.395,0.1222017995168112,1.8125,2.331666666666667
41-2022.00,Parts Salespersons,Low AI Benefit,2.6799999999999997,2.0925,3.231666666666667,0.1221744471744471,1.6575,2.1850000000000005
47-2053.00,Terrazzo Workers and Finishers,Minimal AI Benefit,2.4642857142857144,2.655,2.3333333333333335,0.122158702371509,1.595,2.0416666666666665
53-7121.00,"Tank Car, Truck, and Ship Loaders",Minimal AI Benefit,2.59,3.25,2.4166666666666665,0.1220820729410421,1.7825,2.436666666666667
37-3011.00,Landscaping and Groundskeeping Workers,Low AI Benefit,2.25,2.4975,2.2716666666666665,0.1220207781625585,1.4975,1.8533333333333335
49-9052.00,Telecommunications Line Installers and Repairers,Minimal AI Benefit,2.731428571428572,3.0,2.52,0.1219736905353223,1.8125,2.1683333333333334
47-2081.00,Drywall and Ceiling Tile Installers,Low AI Benefit,2.4828571428571427,2.375,2.2083333333333335,0.1219574686138867,1.53,2.0416666666666665
35-1011.00,Chefs and Head Cooks,Low AI Benefit,3.3200000000000003,2.625,3.436666666666667,0.1219537013482574,1.9975,3.25
37-1012.00,"First-Line Supervisors of Landscaping, Lawn Service, and Groundskeeping Workers",Low AI Benefit,3.2114285714285713,2.8425,3.2283333333333335,0.1218724836596566,2.0,3.1283333333333334
21-1012.00,"Educational, Guidance, and Career Counselors and Advisors",High AI Benefit,3.4114285714285715,1.3125,3.7266666666666666,0.12180249851279,1.6575,2.5
31-1122.00,Personal Care Aides,Low AI Benefit,2.7157142857142853,2.065,3.1266666666666665,0.1217921989310488,1.53,2.125
27-3043.00,Writers and Authors,Moderate AI Benefit,2.892857142857143,1.125,3.17,0.121735442040841,1.435,2.1650000000000005
51-4052.00,"Pourers and Casters, Metal",Minimal AI Benefit,2.5357142857142856,2.905,2.23,0.1217212457930445,1.6275,2.105
33-2011.00,Firefighters,Low AI Benefit,3.144285714285714,3.0,3.186666666666667,0.1216938619227144,1.9675,2.5216666666666665
27-3042.00,Technical Writers,Moderate AI Benefit,2.962857142857143,1.4675,2.645,0.1216908888797397,1.4075,2.0833333333333335
39-9031.00,Exercise Trainers and Group Fitness Instructors,Moderate AI Benefit,2.9657142857142853,1.815,3.188333333333333,0.121627887946319,1.5925,2.1266666666666665
43-5032.00,"Dispatchers, Except Police, Fire, and Ambulance",Moderate AI Benefit,2.944285714285715,1.7175,3.0400000000000005,0.1216204928302937,1.56,2.5649999999999995
43-4171.00,Receptionists and Information Clerks,Moderate AI Benefit,2.4457142857142857,1.47,2.8716666666666666,0.1214734216411491,1.345,1.94
31-1121.00,Home Health Aides,Moderate AI Benefit,2.8214285714285716,1.8125,3.206666666666667,0.1214388978654647,1.53,2.2283333333333335
47-2142.00,Paperhangers,Low AI Benefit,2.358571428571428,2.2525,2.3533333333333335,0.1214013180714533,1.375,1.831666666666667
49-2098.00,Security and Fire Alarm Systems Installers,Minimal AI Benefit,2.822857142857143,3.03,2.563333333333333,0.1212191179866081,1.875,2.331666666666667
47-1011.03,Solar Energy Installation Managers,Low AI Benefit,3.0885714285714285,2.8425,3.311666666666667,0.1211721738378752,2.0025,3.188333333333333
35-2014.00,"Cooks, Restaurant",Low AI Benefit,2.5342857142857147,2.4375,2.5233333333333334,0.1211629836337581,1.53,2.4150000000000005
33-3051.00,Police and Sheriff's Patrol Officers,Low AI Benefit,3.0871428571428576,2.125,3.52,0.1211372803719149,1.6875,2.418333333333333
49-9012.00,"Control and Valve Installers and Repairers, Except Mechanical Door",Minimal AI Benefit,2.802857142857143,3.09,2.4583333333333335,0.1210086004691165,1.8425,2.125
39-5093.00,Shampooers,Low AI Benefit,2.1771428571428575,1.5625,2.5416666666666665,0.1209329110279297,1.25,1.71
39-3091.00,Amusement and Recreation Attendants,Low AI Benefit,2.2842857142857147,2.1275,2.5833333333333335,0.1209093512231039,1.4075,1.8333333333333333
51-9023.00,"Mixing and Blending Machine Setters, Operators, and Tenders",Minimal AI Benefit,2.64,3.37,2.25,0.1207984398302168,1.755,2.143333333333333
53-3031.00,Driver/Sales Workers,Low AI Benefit,2.5357142857142856,2.3125,2.77,0.120782208588957,1.5,2.0833333333333335
47-2042.00,"Floor Layers, Except Carpet, Wood, and Hard Tiles",Low AI Benefit,2.591428571428571,2.0625,2.5666666666666664,0.1207501611434535,1.405,1.855
43-9071.00,"Office Machine Operators, Except Computer",Minimal AI Benefit,2.607142857142857,2.9675,2.5,0.1206302314130969,1.75,2.435
53-2022.00,Airfield Operations Specialists,High AI Benefit,3.3042857142857143,2.405,3.125,0.1204619084198924,1.7175,2.643333333333333
53-6061.00,Passenger Attendants,Low AI Benefit,2.4271428571428575,2.2825,3.168333333333333,0.1202489117415057,1.47,1.876666666666667
51-8013.00,Power Plant Operators,Minimal AI Benefit,2.9114285714285715,3.5,2.4166666666666665,0.1201941421572368,1.875,2.3366666666666664
33-9032.00,Security Guards,Low AI Benefit,2.731428571428572,2.0925,2.7916666666666665,0.119810354938425,1.435,1.8966666666666665
39-9041.00,Residential Advisors,Moderate AI Benefit,3.051428571428572,1.875,3.5416666666666665,0.1197999896901902,1.66,2.7283333333333335
39-4021.00,Funeral Attendants,Low AI Benefit,2.2671428571428573,2.06,2.563333333333333,0.1194823466125978,1.375,1.835
11-9051.00,Food Service Managers,Moderate AI Benefit,3.231428571428572,2.28,3.435,0.1194450867052023,1.845,3.125
41-9041.00,Telemarketers,Moderate AI Benefit,2.127142857142857,1.1225,3.1033333333333335,0.1193974205124022,1.22,1.6450000000000002
37-3012.00,"Pesticide Handlers, Sprayers, and Applicators, Vegetation",Minimal AI Benefit,2.6257142857142854,2.6575,2.606666666666666,0.1193243173754306,1.6575,2.248333333333333
49-3042.00,"Mobile Heavy Equipment Mechanics, Except Engines",Minimal AI Benefit,2.855714285714286,3.7175,2.6683333333333334,0.1192386215998845,2.065,2.5416666666666665
47-3011.00,"Helpers--Brickmasons, Blockmasons, Stonemasons, and Tile and Marble Setters",Minimal AI Benefit,2.5728571428571425,2.75,2.335,0.1191971673101902,1.595,2.063333333333333
11-3051.00,Industrial Production Managers,Moderate AI Benefit,3.6957142857142857,2.81,3.331666666666667,0.1191161285881462,2.06,3.5866666666666664
51-9123.00,"Painting, Coating, and Decorating Workers",Low AI Benefit,2.2842857142857147,1.935,2.3766666666666665,0.1191043454426616,1.345,1.9766666666666672
33-9011.00,Animal Control Workers,Moderate AI Benefit,2.8042857142857143,1.72,2.8733333333333335,0.1189333752851411,1.44,2.145
49-2011.00,"Computer, Automated Teller, and Office Machine Repairers",Minimal AI Benefit,2.9457142857142857,3.125,2.7916666666666665,0.1188844346739083,1.97,2.4583333333333335
33-1021.00,First-Line Supervisors of Firefighting and Prevention Workers,Low AI Benefit,3.2485714285714287,2.5925,3.455,0.1188132044371185,1.905,2.895
27-4014.00,Sound Engineering Technicians,Low AI Benefit,2.855714285714286,2.9375,2.8333333333333335,0.1187690147437397,1.8125,2.5416666666666665
35-1012.00,First-Line Supervisors of Food Preparation and Serving Workers,Moderate AI Benefit,3.052857142857143,2.25,3.48,0.1187552510825308,1.75,3.143333333333333
51-9198.00,Helpers--Production Workers,Minimal AI Benefit,2.25,2.5275,2.186666666666667,0.1187198898830006,1.4375,1.8966666666666665
51-4022.00,"Forging Machine Setters, Operators, and Tenders, Metal and Plastic",Minimal AI Benefit,2.5728571428571425,3.0325,2.438333333333333,0.1187148813533309,1.6575,2.043333333333333
41-1012.00,First-Line Supervisors of Non-Retail Sales Workers,High AI Benefit,3.41,1.685,3.5833333333333335,0.1187111362351611,1.75,3.313333333333333
43-2011.00,"Switchboard Operators, Including Answering Service",Low AI Benefit,2.3757142857142854,1.7175,2.686666666666667,0.1185957418701424,1.2825,1.7516666666666665
31-2012.00,Occupational Therapy Aides,Low AI Benefit,2.9285714285714284,2.065,3.188333333333333,0.1185764313054809,1.56,2.1016666666666666
43-5053.00,"Postal Service Mail Sorters, Processors, and Processing Machine Operators",Minimal AI Benefit,2.462857142857142,2.5,2.375,0.1185034942565668,1.405,1.8333333333333333
51-9197.00,Tire Builders,Minimal AI Benefit,2.34,2.7775,2.0216666666666665,0.1184996908703716,1.4375,1.8966666666666665
25-1125.00,"History Teachers, Postsecondary",High AI Benefit,3.5714285714285716,1.1575,3.2483333333333335,0.1184930393803152,1.5625,2.6466666666666665
49-2092.00,"Electric Motor, Power Tool, and Related Repairers",Minimal AI Benefit,2.9457142857142857,3.595,2.605,0.1184256452021325,2.06,2.5016666666666665
39-3031.00,"Ushers, Lobby Attendants, and Ticket Takers",Moderate AI Benefit,2.2671428571428573,1.875,2.8350000000000004,0.1184100508114829,1.315,1.8133333333333332
23-1011.00,Lawyers,High AI Benefit,3.6242857142857146,1.095,3.581666666666667,0.1182739797244606,1.625,2.813333333333333
49-1011.00,"First-Line Supervisors of Mechanics, Installers, and Repairers",Moderate AI Benefit,3.355714285714286,3.28,3.145,0.1182586400155718,2.0975,3.293333333333333
11-3071.00,"Transportation, Storage, and Distribution Managers",Moderate AI Benefit,3.372857142857143,2.22,3.4983333333333335,0.1182551826450325,1.8125,3.3333333333333335
25-2012.00,"Kindergarten Teachers, Except Special Education",Moderate AI Benefit,3.2857142857142856,1.565,3.685000000000001,0.1182330012992637,1.625,2.5833333333333335
13-1074.00,Farm Labor Contractors,Low AI Benefit,2.4828571428571427,2.095,2.768333333333334,0.1181310349550466,1.4375,2.355
47-2152.04,Solar Thermal Installers and Technicians,Minimal AI Benefit,2.8385714285714285,3.1575,2.8766666666666665,0.1181250938096361,1.9675,2.438333333333333
33-1011.00,First-Line Supervisors of Correctional Officers,Moderate AI Benefit,3.265714285714286,1.9675,3.52,0.1180670831908309,1.685,2.8333333333333335
47-2121.00,Glaziers,Minimal AI Benefit,2.518571428571428,2.5025,2.4783333333333335,0.1180040458530006,1.5625,2.1466666666666665
39-5011.00,Barbers,Low AI Benefit,2.501428571428572,1.94,2.4350000000000005,0.1179739964277517,1.4075,1.9566666666666668
49-9071.00,"Maintenance and Repair Workers, General",Minimal AI Benefit,2.854285714285715,3.2775,2.523333333333333,0.1179203299685227,1.94,2.4166666666666665
11-1021.00,General and Operations Managers,Moderate AI Benefit,3.462857142857143,2.065,3.5,0.1179105419216453,1.78,3.2883333333333336
51-9041.00,"Extruding, Forming, Pressing, and Compacting Machine Setters, Operators, and Tenders",Minimal AI Benefit,2.697142857142857,3.375,2.2716666666666665,0.1178753513301523,1.7175,2.1016666666666666
27-1011.00,Art Directors,High AI Benefit,3.4285714285714284,1.4975,3.2283333333333335,0.1178725939742493,1.625,2.9166666666666665
51-9193.00,Cooling and Freezing Equipment Operators and Tenders,Minimal AI Benefit,3.0171428571428573,3.4675,2.606666666666666,0.1177482057416268,1.875,2.3349999999999995
27-4032.00,Film and Video Editors,Low AI Benefit,2.9800000000000004,2.1275,2.668333333333333,0.1177412126256482,1.5325,2.33
27-3092.00,Court Reporters and Simultaneous Captioners,Low AI Benefit,2.16,1.875,1.875,0.1177249772332146,1.185,1.6883333333333332
51-9191.00,Adhesive Bonding Machine Operators and Tenders,Minimal AI Benefit,2.5700000000000003,3.4375,2.3766666666666665,0.1177176148046607,1.7175,2.2083333333333335
47-3015.00,"Helpers--Pipelayers, Plumbers, Pipefitters, and Steamfitters",Low AI Benefit,2.447142857142857,2.2825,2.2716666666666665,0.1175695379093764,1.4975,1.9583333333333333
13-1023.00,"Purchasing Agents, Except Wholesale, Retail, and Farm Products",High AI Benefit,3.4828571428571427,1.5925,3.436666666666667,0.1174769189968672,1.6875,3.1650000000000005
43-5011.00,Cargo and Freight Agents,Low AI Benefit,2.6785714285714284,2.0625,2.9166666666666665,0.1174724026880619,1.5025,2.1650000000000005
53-5011.00,Sailors and Marine Oilers,Minimal AI Benefit,2.7142857142857144,3.405,2.7716666666666665,0.1174368178211873,1.815,2.311666666666667
37-2021.00,Pest Control Workers,Low AI Benefit,3.0700000000000003,2.78,3.145,0.1174054054054054,1.81,2.706666666666667
47-2132.00,"Insulation Workers, Mechanical",Minimal AI Benefit,2.607142857142857,2.5600000000000005,2.393333333333333,0.1173588666486592,1.5,2.063333333333333
49-3031.00,Bus and Truck Mechanics and Diesel Engine Specialists,Minimal AI Benefit,2.8214285714285716,3.4375,2.311666666666667,0.1173332738148379,1.8775,2.398333333333333
35-2012.00,"Cooks, Institution and Cafeteria",Low AI Benefit,2.8214285714285716,2.78,2.811666666666667,0.1173234775882074,1.625,2.625
49-3021.00,Automotive Body and Related Repairers,Minimal AI Benefit,2.698571428571428,3.0,2.6266666666666665,0.117316563183349,1.75,2.186666666666667
47-2111.00,Electricians,Low AI Benefit,3.1242857142857146,3.3425,2.875,0.117255511394111,2.03,2.7533333333333325
51-4194.00,"Tool Grinders, Filers, and Sharpeners",Minimal AI Benefit,2.734285714285714,3.5325,2.3333333333333335,0.1171929122342472,1.8125,2.3333333333333335
51-4193.00,"Plating Machine Setters, Operators, and Tenders, Metal and Plastic",Minimal AI Benefit,2.5528571428571425,2.9375,2.48,0.1171399594320486,1.595,2.0833333333333335
45-2092.00,"Farmworkers and Laborers, Crop, Nursery, and Greenhouse",Minimal AI Benefit,2.4114285714285715,2.7475000000000005,2.4166666666666665,0.1171007071236478,1.6225,2.315
51-4081.00,"Multiple Machine Tool Setters, Operators, and Tenders, Metal and Plastic",Minimal AI Benefit,2.7857142857142856,3.375,2.606666666666667,0.1170284626485308,1.815,2.2716666666666665
35-2021.00,Food Preparation Workers,Low AI Benefit,2.09,1.9375,2.3966666666666665,0.1169955541689415,1.25,1.98
35-3011.00,Bartenders,Moderate AI Benefit,2.697142857142857,1.9375,3.1650000000000005,0.1169091448931116,1.5,2.438333333333333
11-3013.00,Facilities Managers,Low AI Benefit,3.197142857142857,2.6575,3.268333333333333,0.1169059935783089,1.8725,3.0216666666666665
53-7051.00,Industrial Truck and Tractor Operators,Minimal AI Benefit,2.337142857142857,3.0325,2.2900000000000005,0.1167186247439208,1.56,2.0833333333333335
47-2181.00,Roofers,Minimal AI Benefit,2.6057142857142854,2.625,2.5833333333333335,0.116707125136714,1.5625,2.1666666666666665
33-9091.00,Crossing Guards and Flaggers,Moderate AI Benefit,2.3057142857142856,1.3125,2.436666666666667,0.1166877142341692,1.155,1.6883333333333332
47-3016.00,Helpers--Roofers,Low AI Benefit,2.4457142857142857,2.41,2.4983333333333335,0.1165837626576656,1.5625,2.143333333333333
49-9043.00,"Maintenance Workers, Machinery",Minimal AI Benefit,2.6257142857142854,3.56,2.3716666666666666,0.1165517293244391,1.845,2.145
